0050 元大台灣50 3268847 446605239 137.00 137.00 136.30 136.95
0051 元大中型100 148322 8159186 55.30 55.35 54.70 54.70
0052 富邦科技 800523 99186272 124.00 124.00 123.50 123.95
0053 元大電子 4055 265698 65.70 65.70 65.45 65.45
0054 元大台商50 3020 94048 31.28 31.28 31.07 31.07
0055 元大MSCI金融 95480 2020260 21.20 21.26 21.14 21.14
0056 元大高股息 7009671 243717772 34.80 34.87 34.72 34.77
0057 富邦摩台 29005 2699967 93.10 93.20 93.00 93.00
0061 元大寶滬深 410320 9972845 24.19 24.50 24.06 24.42
006203 元大MSCI台灣 10 655    
006204 永豐臺灣加權 22000 1931350 87.80 87.80 87.55 87.80
006205 富邦上証 2072195 81498140 39.29 39.68 38.90 39.59
006206 元大上證50 470757 18577769 39.35 39.88 39.12 39.85
006207 FH滬深 604800 19316760 31.75 32.20 31.65 32.20
006208 富邦台50 928518 72910477 78.50 78.65 78.30 78.60
00625K 富邦上証+R      
00631L 元大台灣50正2 2996462 368738710 122.85 123.75 122.35 123.45
00632R 元大台灣50反1 129332612 744794432 5.77 5.78 5.74 5.75
00633L 富邦上証正2 11851099 865972545 71.85 74.80 71.30 74.60
00634R 富邦上証反1 644000 2380680 3.72 3.73 3.65 3.65
00635U 期元大S&P黃金 1573586 39349567 25.09 25.09 24.89 25.02
00636 國泰中國A50 2405650 68628535 28.40 28.87 28.19 28.82
00636K 國泰中國A50+U 200 2060 10.30 10.30 10.30 10.30
00637L 元大滬深300正2 82313902 2387254835 28.47 29.63 28.25 29.47
00638R 元大滬深300反1 2122100 15714240 7.44 7.48 7.31 7.34
00639 富邦深100 2060726 36035397 17.36 17.63 17.23 17.59
00640L 富邦日本正2 399000 11551870 28.73 29.04 28.71 29.02
00641R 富邦日本反1 161000 1705920 10.62 10.62 10.57 10.57
00642U 期元大S&P石油 10467544 121878400 11.66 11.69 11.61 11.67
00643 群益深証中小 980750 18070171 18.30 18.57 18.12 18.50
00643K 群益深証中小+R      
00645 富邦日本 138075 3529222 25.56 25.65 25.54 25.62
00646 元大S&P500 319942 11383216 35.53 35.62 35.53 35.57
00647L 元大S&P500正2 19000 1172850 61.50 61.90 61.50 61.70
00648R 元大S&P500反1 1275000 9401400 7.39 7.39 7.36 7.37
00650L FH香港正2 1522100 46662013 30.73 30.85 30.21 30.73
00651R FH香港反1 26000 176520 6.87 6.87 6.76 6.77
00652 富邦印度 63503 1658760 26.07 26.20 26.07 26.16
00653L 富邦印度正2 380000 14542010 38.00 38.49 37.98 38.32
00654R 富邦印度反1 379000 3491170 9.25 9.25 9.20 9.21
00655L 國泰中國A50正2 7610500 421223200 54.40 56.65 53.95 56.40
00656R 國泰中國A50反1 73000 493820 6.84 6.86 6.71 6.72
00657 國泰日經225 100000 3518000 35.18 35.18 35.18 35.18
00657K 國泰日經225+U 200 2542 12.71 12.71 12.71 12.71
00660 元大歐洲50 138815 4047194 29.16 29.26 29.10 29.26
00661 元大日經225 342007 12150488 35.59 35.59 35.47 35.50
00662 富邦NASDAQ 277964 13372500 48.01 48.16 47.97 48.14
00663L 國泰臺灣加權正2 53000 5850250 110.95 111.15 110.15 111.05
00664R 國泰臺灣加權反1 4759000 31002950 6.52 6.54 6.49 6.51
00665L 富邦恒生國企正2 171000 4214960 24.78 24.84 24.33 24.78
00666R 富邦恒生國企反1 562000 6123280 10.91 10.91 10.84 10.89
00668 國泰美國道瓊 4000 138770 34.66 34.71 34.66 34.70
00668K 國泰美國道瓊+U 200 2500 12.50 12.50 12.50 12.50
00669R 國泰美國道瓊反1 3477000 27985500 8.05 8.06 8.03 8.05
00670L 富邦NASDAQ正2 445242 39165275 87.65 88.25 87.60 88.25
00671R 富邦NASDAQ反1 4831000 29034330 6.02 6.02 5.99 6.00
00673R 期元大S&P原油反1 820000 13455220 16.40 16.46 16.35 16.40
00674R 期元大S&P黃金反1 890000 11394300 12.78 12.85 12.75 12.79
00675L 富邦臺灣加權正2 463114 22027680 47.45 47.86 47.35 47.62
00676R 富邦臺灣加權反1 7901000 28093820 3.56 3.57 3.54 3.55
00678 群益NBI生技 325181 8749801 26.87 26.94 26.87 26.88
00680L 元大美債20正2 24000 533910 22.25 22.25 22.23 22.24
00681R 元大美債20反1 54000 772740 14.31 14.31 14.31 14.31
00682U 期元大美元指數 275000 4942020 18.00 18.00 17.93 17.97
00683L 期元大美元指正2 3843000 63837750 16.59 16.65 16.57 16.63
00684R 期元大美元指反1 32000 617470 19.31 19.31 19.29 19.29
00685L 群益臺灣加權正2 5000 208290 41.65 41.69 41.65 41.69
00686R 群益臺灣加權反1 172000 666030 3.88 3.89 3.86 3.88
00688L 國泰20年美債正2 66000 1466620 22.25 22.25 22.22 22.23
00689R 國泰20年美債反1 58000 871720 15.02 15.03 15.02 15.03
00690 兆豐藍籌30 106048 3454049 32.53 32.63 32.50 32.63
00692 富邦公司治理 1880094 66104620 35.13 35.20 35.05 35.20
00693U 期街口S&P黃豆 418614 9838291 23.52 23.59 23.40 23.58
00700 富邦恒生國企 102490 1957478 18.97 19.10 18.97 19.10
00701 國泰股利精選30 468741 11317886 24.28 24.28 24.10 24.17
00702 國泰標普低波高息 102000 2125020 20.83 20.84 20.82 20.82
00703 台新MSCI中國 120056 2980050 24.93 24.93 24.60 24.83
00706L 期元大S&P日圓正2 40000 635810 15.90 15.91 15.88 15.88
00707R 期元大S&P日圓反1      
00708L 期元大S&P黃金正2 5918755 168720014 28.61 28.71 28.22 28.61
00709 富邦歐洲 154050 3670516 23.80 23.93 23.80 23.93
00710B FH彭博高收益債 590080 10831358 18.34 18.37 18.33 18.37
00711B FH彭博新興債 140320 2788223 19.92 19.92 19.85 19.88
00712 FH富時不動產 2293820 33347276 14.56 14.57 14.51 14.56
00713 元大台灣高息低波 68561 2950449 43.10 43.15 42.96 42.96
00714 群益道瓊美國地產 25000 543070 21.70 21.75 21.70 21.75
00715L 期街口布蘭特正2 27435602 219284212 8.00 8.06 7.94 8.03
00717 富邦美國特別股 900810 15112969 16.72 16.79 16.72 16.76
00728 第一金工業30 138991 3924114 28.38 28.38 28.04 28.27
00730 富邦臺灣優質高息 1008848 21387644 21.39 21.39 20.91 21.24
00731 FH富時高息低波 4245 246012 57.95 57.95 57.95 57.95
00732 國泰RMB短期報酬 100000 3956000 39.56 39.56 39.56 39.56
00733 富邦臺灣中小 612668 26741006 44.00 44.01 43.34 43.45
00735 國泰臺韓科技 101400 3400891 33.53 33.67 33.47 33.67
00736 國泰新興市場 121322 2901315 23.78 23.94 23.78 23.93
00737 國泰AI+Robo 76889 2461961 32.08 32.08 31.99 32.03
00738U 期元大道瓊白銀 2937701 82987272 28.33 28.39 28.13 28.22
00739 元大MSCI A股 365584 10676583 29.00 29.47 28.84 29.46
00742 新光內需收益 51293 1154672 22.57 22.57 22.51 22.51
00743 國泰中國A150 210000 6280220 29.60 30.00 29.60 30.00
00752 中信中國50 1060307 30987200 29.26 29.34 29.05 29.23
00753L 中信中國50正2 1096750 41182752 37.76 37.85 37.24 37.70
00757 統一FANG+ 949999 42749923 44.91 45.07 44.89 45.05
00762 元大全球AI 76207 2883616 37.86 37.90 37.79 37.87
00763U 期街口道瓊銅 640075 18657332 29.17 29.25 29.05 29.25
00770 國泰北美科技 115158 3924675 34.02 34.15 34.02 34.15
00771 元大US高息特別股 26317 500452 18.98 19.02 18.98 19.02
00774B 新光中國政金綠債 5008 196476 39.32 39.32 39.10 39.10
00774C 新光中政金綠債+R      
00775B 新光投等債15+ 2364 95246 40.48 40.48 40.48 40.48
00783 富邦中証500 1037401 23643153 22.52 22.94 22.52 22.92
008201 BP上證50      
00830 國泰費城半導體 2217454 60743836 27.30 27.52 27.28 27.51
00850 元大臺灣ESG永續 1596935 54464462 34.08 34.18 33.96 34.13
00851 台新全球AI 1016 30139 29.66 29.66 29.66 29.66
00852L 國泰美國道瓊正2 620000 12874060 20.71 20.84 20.71 20.80
00861 元大全球未來通訊 377542 10742029 28.50 28.50 28.41 28.46
00865B 國泰US短期公債 5000 182200 36.44 36.44 36.44 36.44
00875 國泰網路資安 222998 6848120 30.76 30.76 30.61 30.73
00876 元大未來關鍵科技 1786548 50978745 28.59 28.59 28.44 28.58
00878 國泰永續高股息 7322099 134023724 18.39 18.39 18.26 18.32
00881 國泰台灣5G+ 16714352 291233501 17.46 17.46 17.36 17.45
00882 中信中國高股息 3672477 58904038 16.09 16.09 16.00 16.05
00885 富邦越南 14219019 224250033 15.71 15.82 15.70 15.78
00891 中信關鍵半導體 19239328 295733898 15.44 15.44 15.32 15.39
01001T 土銀富邦R1 16000 288070 18.01 18.01 18.00 18.00
01002T 土銀國泰R1 5162 92768 17.97 17.97 17.96 17.96
01003T 兆豐新光R1 89000 1698040 19.08 19.08 19.05 19.06
01004T 土銀富邦R2 12000 195560 16.30 16.30 16.26 16.26
01007T 兆豐國泰R2 8000 159950 19.98 20.00 19.97 20.00
01009T 王道圓滿R1 19000 173320 9.13 9.13 9.11 9.11
01010T 京城樂富R1 20000 219860 11.00 11.00 10.98 10.99
020000 富邦特選蘋果N 11000 81920 7.44 7.45 7.44 7.45
020002 元富新中國N 3000 60030 20.01 20.01 20.01 20.01
020004 兆豐電菁英30N      
020006 永昌中小300N      
020007 凱基臺灣500N      
020008 元大特股高息N 1000 12040 12.04 12.04 12.04 12.04
020011 統一微波高息20N 10000 64060 6.41 6.42 6.39 6.42
020012 富邦行動通訊N      
020015 統一MSCI美低波N      
020016 統一MSCI美科技N 1000 17910 17.91 17.91 17.91 17.91
020018 統一價值成長30N 56000 935830 16.63 16.81 16.55 16.55
020019 統一特選台灣5GN 49000 671550 13.70 13.73 13.67 13.70
02001L 富邦蘋果正二N 4000 47460 11.85 11.88 11.85 11.88
02001R 富邦蘋果反一N      
020020 元大台股領航N 934000 6708780 7.21 7.21 7.16 7.19
020022 元大電動車N 4027000 23782040 5.92 5.93 5.88 5.90
1101 台泥 12355472 641443642 52.30 52.30 51.70 51.90
1101B 台泥乙特 4309 229967 53.30 53.60 53.30 53.60
1102 亞泥 10402849 535663281 51.90 52.10 51.10 51.40
1103 嘉泥 1178032 26869572 22.90 23.15 22.60 22.65
1104 環泥 884915 20626321 23.70 23.70 23.10 23.20
1108 幸福 4860769 71938179 14.90 15.30 14.20 14.25
1109 信大 623105 16794466 27.15 27.30 26.80 26.85
1110 東泥 78381 1236884 15.80 15.90 15.70 15.85
1201 味全 2090698 46404410 22.05 22.35 22.05 22.05
1203 味王 49714 1783277 36.40 36.40 35.50 35.50
1210 大成 1290099 74738899 58.40 58.40 57.70 57.90
1213 大飲 13047 120553 9.23 9.25 9.23 9.25
1215 卜蜂 686558 54944405 80.50 80.50 79.70 80.10
1216 統一 3018496 221918901 73.20 73.90 73.10 73.60
1217 愛之味 28698388 371284975 12.80 13.20 12.70 12.95
1218 泰山 1136973 33706216 30.05 30.05 29.50 29.55
1219 福壽 1704765 41175199 24.50 24.50 24.00 24.05
1220 台榮 1232695 21661335 17.60 17.95 17.35 17.40
1225 福懋油 377298 17461327 47.15 47.15 46.00 46.10
1227 佳格 1240254 66996546 54.00 54.50 53.70 54.20
1229 聯華 1640164 78700235 48.40 48.40 47.85 47.90
1231 聯華食 507773 31175677 60.80 61.90 60.50 61.30
1232 大統益 210955 34916613 163.50 168.00 163.50 166.00
1233 天仁 27879 969105 34.95 34.95 34.50 34.50
1234 黑松 213560 7568432 35.20 35.85 35.20 35.60
1235 興泰 11859 401081 33.50 34.05 33.50 34.00
1236 宏亞 879625 14312585 15.55 17.05 15.50 16.45
1256 鮮活果汁-KY 39247 18065505 460.00 462.50 456.50 462.50
1301 台塑 6562692 693588193 104.50 106.50 104.50 106.00
1303 南亞 4726452 406598119 85.80 87.20 85.30 86.00
1304 台聚 22359594 863241770 38.95 39.35 38.00 38.25
1305 華夏 19393537 729020521 37.50 38.20 37.10 37.45
1307 三芳 475875 10836635 22.70 23.00 22.40 22.75
1308 亞聚 12855258 434035201 34.40 34.40 33.25 33.50
1309 台達化 6850427 301000814 43.80 44.55 43.40 43.75
1310 台苯 8751205 183672538 21.20 21.50 20.55 20.70
1312 國喬 36360052 1047275726 28.90 29.30 28.50 28.60
1312A 國喬特 52000 1790950 34.30 35.35 34.30 34.60
1313 聯成 32467282 934058719 28.50 29.35 27.80 29.00
1314 中石化 74163479 1044953021 14.10 14.40 13.90 13.95
1315 達新 74608 5400163 72.90 72.90 72.10 72.30
1316 上曜 335323 3786949 11.40 11.40 11.20 11.25
1319 東陽 984197 33335098 33.95 34.15 33.60 34.00
1321 大洋 873120 32377002 36.55 38.40 35.85 37.10
1323 永裕 24141 825014 34.05 34.30 34.05 34.15
1324 地球 117376 1304757 11.25 11.25 10.95 10.95
1325 恆大 4167885 393146931 94.10 96.30 92.20 92.20
1326 台化 4079601 357331112 88.00 88.20 87.20 87.70
1337 再生-KY 1050984 8606631 8.24 8.27 8.12 8.15
1338 廣華-KY 332146 21257779 64.60 64.60 63.70 63.80
1339 昭輝 99210 3729854 37.80 37.90 37.50 37.50
1340 勝悅-KY 539615 6196473 11.35 11.75 11.25 11.25
1341 富林-KY 17004 1357313 79.60 79.90 79.50 79.50
1342 八貫 47100 2447600 52.00 52.20 51.80 51.90
1402 遠東新 6097280 195769404 32.40 32.45 31.85 31.90
1409 新纖 25761491 589615303 23.15 23.45 22.50 22.70
1410 南染 29873 1050524 35.30 35.30 35.10 35.15
1413 宏洲 2864235 35242790 12.80 12.80 11.85 12.10
1414 東和 24186639 470496432 20.05 20.30 18.40 18.85
1416 廣豐 516081 5925180 11.70 11.70 11.30 11.70
1417 嘉裕 5774432 95789016 16.95 17.25 16.10 16.10
1418 東華 4404 49269 11.50 11.50 10.55 10.55
1419 新紡 24005 952350 39.55 39.90 39.15 39.80
1423 利華 179435 3843569 21.60 21.60 21.30 21.30
1432 大魯閣 190752 2649619 14.00 14.05 13.80 13.85
1434 福懋 2835159 88409847 31.55 31.55 30.85 30.90
1435 中福 45357 918234 20.30 20.45 20.00 20.00
1436 華友聯 1181 47170 39.95 39.95 39.95 39.95
1437 勤益控 93580 2354587 25.25 25.25 25.10 25.25
1438 三地開發 10364 322954 31.00 31.90 31.00 31.00
1439 中和 92003 2246422 24.40 24.65 24.30 24.45
1440 南紡 196743747 6133245227 32.10 32.65 29.55 29.60
1441 大東 3435851 44054341 12.60 13.50 12.00 12.30
1442 名軒 52120 895003 17.15 17.25 17.10 17.25
1443 立益 1282137 19534209 15.00 15.50 14.45 15.50
1444 力麗 15474777 200701634 13.30 13.30 12.80 12.80
1445 大宇 723073 9087498 12.75 13.15 12.00 12.30
1446 宏和 2636261 90539186 34.75 34.85 33.10 34.85
1447 力鵬 25680708 339900124 13.45 13.70 13.00 13.05
1449 佳和 889758 16388876 18.60 19.20 17.65 17.80
1451 年興 1097158 23873846 22.25 22.30 21.30 21.35
1452 宏益 35090367 966007360 28.50 28.80 25.75 25.75
1453 大將 329358 3115170 9.60 9.65 9.22 9.30
1454 台富 417137 4416970 10.90 10.90 10.35 10.60
1455 集盛 53694150 1468343659 28.65 28.65 25.95 26.45
1456 怡華 239695 4177182 17.40 17.60 17.15 17.55
1457 宜進 51457077 1092885038 20.80 22.00 20.60 21.10
1459 聯發 11144891 177866553 15.90 16.50 15.55 16.15
1460 宏遠 7681954 90992794 12.10 12.20 11.70 11.70
1463 強盛 9699003 169692441 17.50 17.50 17.20 17.50
1464 得力 762395 13692093 18.00 18.15 17.80 17.85
1465 偉全 109499 1450795 13.60 13.60 13.15 13.25
1466 聚隆 7616520 157484258 20.70 21.25 20.05 20.85
1467 南緯 1628177 28946704 18.10 18.10 17.60 17.65
1468 昶和 44013 541404 12.45 12.50 12.15 12.40
1470 大統新創 83000 1373550 16.60 16.90 16.25 16.30
1471 首利 1292824 13534869 10.60 10.80 10.25 10.50
1472 三洋紡 40437 416585 10.00 10.35 10.00 10.30
1473 台南 122181 2213367 18.20 18.30 18.05 18.15
1474 弘裕 16883515 309058219 18.45 18.75 17.80 17.90
1475 業旺 177462 7099376 40.10 41.00 39.25 40.30
1476 儒鴻 1049542 663935095 646.00 650.00 624.00 631.00
1477 聚陽 3439022 934829522 275.00 276.00 269.00 269.50
1503 士電 121797 6319804 51.90 52.20 51.60 52.10
1504 東元 1755429 58214951 32.95 33.40 32.95 33.30
1506 正道 190043 1896220 9.95 10.10 9.91 9.98
1507 永大 42632 2642454 62.00 62.20 61.90 62.20
1512 瑞利 130132 612694 4.70 4.71 4.70 4.71
1513 中興電 5710651 291972464 50.50 51.80 50.30 50.30
1514 亞力 769712 18797855 24.50 24.70 24.20 24.20
1515 力山 1520517 119854368 78.30 79.60 77.80 79.20
1516 川飛 28316 608648 21.70 21.70 21.35 21.50
1517 利奇 4191409 108603357 26.40 26.55 25.55 25.60
1519 華城 715645 31333011 44.00 44.50 43.00 43.30
1521 大億 54045 2464656 45.80 45.80 45.30 45.50
1522 堤維西 490890 10608979 21.75 22.05 21.30 21.45
1524 耿鼎 279506 2806873 10.00 10.15 10.00 10.00
1525 江申 131816 9038855 68.60 69.80 67.80 68.20
1526 日馳 1497257 75638127 50.90 51.70 49.50 49.80
1527 鑽全 1356385 66816461 49.10 49.65 48.90 49.10
1528 恩德 288522 2836848 9.95 9.95 9.71 9.85
1529 樂士 187045 3121945 16.85 16.85 16.60 16.85
1530 亞崴 13744 488664 35.70 35.70 35.45 35.45
1531 高林股 179233 2656804 15.00 15.00 14.60 14.65
1532 勤美 326453 10956063 33.70 33.90 33.40 33.50
1533 車王電 218898 12075835 55.90 55.90 54.50 54.70
1535 中宇 125241 4796291 38.50 38.70 37.90 38.70
1536 和大 738269 70060627 94.30 96.00 93.20 94.90
1537 廣隆 108504 15767299 145.50 146.00 145.00 145.00
1538 正峰 13413 165826 12.20 12.40 12.20 12.40
1539 巨庭 38000 669600 17.90 17.90 17.55 17.70
1540 喬福 128336 2038042 16.00 16.00 15.85 15.90
1541 錩泰 46019 2252628 49.05 49.15 48.45 48.45
1558 伸興 53186 8843946 166.50 167.00 165.50 166.50
1560 中砂 288804 18934339 65.20 66.00 65.10 65.30
1568 倉佑 243708 6220220 25.80 25.90 25.30 25.35
1582 信錦 189776 15909940 84.00 84.10 83.40 84.00
1583 程泰 4000 254000 63.50 63.50 63.50 63.50
1587 吉茂 98439 2782532 28.20 28.35 28.20 28.25
1589 永冠-KY 1498067 111494788 73.80 75.40 73.10 73.30
1590 亞德客-KY 461252 443134054 963.00 975.00 953.00 960.00
1592 英瑞-KY 423006 1225076 2.89 2.95 2.87 2.88
1597 直得 356248 36463571 103.50 104.00 101.00 101.50
1598 岱宇 711903 67494273 95.00 95.70 94.00 94.50
1603 華電 7308497 242135526 31.20 33.90 30.85 32.05
1604 聲寶 483286 14353343 29.85 29.85 29.60 29.80
1605 華新 24626905 651731686 26.30 26.95 26.00 26.20
1608 華榮 15369730 430602804 28.55 28.75 27.30 27.50
1609 大亞 17708776 515381107 29.40 29.55 28.70 28.70
1611 中電 968803 11228613 11.70 11.70 11.45 11.50
1612 宏泰 3608548 96506911 26.80 27.30 26.35 26.65
1614 三洋電 96000 3241000 33.80 33.90 33.65 33.75
1615 大山 560460 22657069 40.75 41.25 39.90 39.90
1616 億泰 1870230 18224695 9.70 10.00 9.60 9.65
1617 榮星 304060 5743852 19.00 19.30 18.65 18.80
1618 合機 2319595 38359253 16.40 16.80 16.35 16.45
1626 艾美特-KY 44146 1085991 24.50 24.80 24.40 24.70
1701 中化 807528 18823640 23.35 23.40 23.25 23.25
1702 南僑 793015 43724209 55.70 55.80 54.80 54.80
1707 葡萄王 159552 26932332 170.00 170.00 168.00 168.00
1708 東鹼 1105679 31165851 28.35 28.60 27.90 28.00
1709 和益 25415117 522092924 19.60 21.50 19.60 21.50
1710 東聯 2685376 60703890 22.60 22.90 22.45 22.50
1711 永光 5743684 113222419 19.90 20.20 19.35 19.40
1712 興農 878354 19454325 22.05 22.25 22.05 22.15
1713 國化 128003 2898616 22.70 22.80 22.60 22.65
1714 和桐 23718179 293613445 12.35 12.60 12.20 12.30
1717 長興 11634936 482192054 41.85 42.20 41.00 41.10
1718 中纖 60232501 686779812 11.70 11.80 11.15 11.25
1720 生達 379590 14755500 39.20 39.20 38.70 38.75
1721 三晃 301806 3045614 10.15 10.25 10.00 10.05
1722 台肥 1274973 72513682 57.00 57.30 56.60 56.80
1723 中碳 332934 37185099 111.50 113.00 111.00 111.00
1724 台硝 58178 919904 15.85 15.85 15.80 15.85
1725 元禎 67200 1351045 20.10 20.30 19.80 20.20
1726 永記 12000 887700 74.50 74.50 73.70 74.00
1727 中華化 609972 8583052 14.30 14.30 13.90 14.00
1730 花仙子 94594 6602573 69.20 70.00 69.20 69.90
1731 美吾華 2535391 53614288 20.95 21.35 20.80 21.20
1732 毛寶 4092125 158975006 36.80 39.80 36.50 39.80
1733 五鼎 324596 7805632 24.00 24.20 23.90 24.00
1734 杏輝 1759532 54111369 30.40 31.05 30.40 30.55
1735 日勝化      
1736 喬山 458921 36181036 80.00 80.50 78.00 78.50
1737 臺鹽 329539 10636641 32.45 32.45 32.20 32.30
1760 寶齡富錦 7991613 859944743 108.50 113.50 101.00 101.00
1762 中化生 2011384 131075108 66.00 66.60 64.10 64.10
1773 勝一 1019700 121106454 119.00 122.00 117.00 119.00
1776 展宇 9056 161159 17.95 18.05 17.50 17.90
1783 和康生 1198539 44288000 37.15 37.95 36.35 36.40
1786 科妍 22337 1156584 52.60 52.60 51.30 51.70
1789 神隆 1645801 45015203 27.65 27.80 27.00 27.10
1795 美時 1716593 153105388 88.80 90.60 87.50 88.00
1802 台玻 105537388 3896288676 36.50 37.75 35.60 36.75
1805 寶徠 115516 1549937 13.65 13.65 13.30 13.35
1806 冠軍 36852826 523618976 14.30 14.30 13.55 14.30
1808 潤隆 50870 2938648 57.70 58.20 57.50 57.70
1809 中釉 5720508 86967719 15.15 15.60 14.80 14.90
1810 和成 6374312 77628411 11.90 12.60 11.70 11.90
1817 凱撒衛 71400 2634580 36.80 37.05 36.60 37.00
1903 士紙 956094 53784794 57.60 58.60 54.60 54.60
1904 正隆 23418297 1098567746 47.40 48.50 45.30 45.65
1905 華紙 202335912 5955158162 30.00 30.85 27.05 27.25
1906 寶隆 4665661 99181658 21.10 21.90 20.20 21.00
1907 永豐餘 80710958 3933865582 49.45 51.00 46.00 46.05
1909 榮成 56203115 1481017811 26.75 27.10 25.30 25.45
2002 中鋼 172869870 6673868307 38.50 39.40 38.00 38.05
2002A 中鋼特 13201 681311 51.60 51.70 51.60 51.70
2006 東和鋼鐵 27727396 1462448469 52.00 54.40 51.00 51.70
2007 燁興 9712847 150578065 15.25 16.00 15.05 15.10
2008 高興昌 5018374 104338562 20.45 21.45 20.00 20.05
2009 第一銅 37712142 2514855162 66.00 68.50 65.40 65.40
2010 春源 19921717 453532562 22.45 23.30 22.10 22.20
2012 春雨 1478666 42137992 28.35 29.30 27.90 28.00
2013 中鋼構 6628134 294176319 43.80 45.50 43.50 43.70
2014 中鴻 30743618 1567871085 51.00 52.50 49.95 49.95
2015 豐興 656075 50933102 76.70 78.40 76.70 77.20
2017 官田鋼 33327529 841184587 24.30 26.40 23.90 24.10
2020 美亞 6411694 228017621 35.30 36.20 35.00 35.05
2022 聚亨 14650747 225694077 15.35 15.70 15.05 15.10
2023 燁輝 50975110 1239952138 23.90 25.00 23.50 23.50
2024 志聯 284041 5274472 18.45 19.10 17.90 17.90
2025 千興 1426000 5699170 4.00 4.00 3.98 3.98
2027 大成鋼 78949468 3897195400 48.75 50.40 48.15 48.60
2028 威致 57425681 2771382640 44.70 50.00 43.85 46.25
2029 盛餘 22860073 927647544 39.40 42.40 38.05 38.75
2030 彰源 78196829 1905800503 22.40 24.85 22.10 24.10
2031 新光鋼 16840020 1132093899 66.70 68.50 66.10 66.30
2032 新鋼 3544228 75117339 21.00 21.75 20.50 20.65
2033 佳大 2126699 39942909 18.50 19.25 18.10 18.10
2034 允強 8893018 281021985 31.55 32.25 31.05 31.25
2038 海光 98445991 4792865683 46.55 50.90 45.20 46.65
2049 上銀 890366 331345476 371.50 374.50 370.50 373.00
2059 川湖 68386 26453059 389.00 390.50 382.50 382.50
2062 橋椿 143117 4126443 29.00 29.05 28.65 28.80
2069 運錩 3799961 98965713 25.70 26.75 25.20 25.40
2101 南港 2374984 91198135 38.50 38.85 38.05 38.20
2102 泰豐 19433077 586826322 28.00 30.70 27.80 30.70
2103 台橡 38331551 1367986051 34.30 36.90 33.70 35.75
2104 國際中橡 4644434 123266552 26.50 26.85 26.25 26.30
2105 正新 4126593 197305385 47.80 48.20 47.05 47.65
2106 建大 606945 24567219 40.65 40.85 40.30 40.30
2107 厚生 1060995 26396560 24.90 25.00 24.75 24.80
2108 南帝 6885785 954620918 140.50 143.00 135.50 137.00
2109 華豐 617769 12039037 19.80 19.85 19.20 19.40
2114 鑫永銓 49680 5964485 121.00 121.00 119.50 120.00
2115 六暉-KY 32506 1521006 47.00 47.00 46.65 46.65
2201 裕隆 2211361 88731277 40.00 40.35 39.80 40.15
2204 中華 1606852 115609048 72.40 72.40 71.70 71.80
2206 三陽工業 1045234 30276475 29.15 29.15 28.85 28.85
2207 和泰車 154293 87301562 565.00 570.00 560.00 568.00
2208 台船 22602291 541822484 23.70 24.20 23.50 24.10
2211 長榮鋼 834633 45762085 55.10 55.40 54.50 54.70
2227 裕日車 17489 4718564 270.00 271.00 269.00 269.50
2228 劍麟 193893 13587807 71.40 71.40 69.60 70.40
2231 為升 310577 61290949 199.00 200.00 196.00 196.00
2233 宇隆 599659 67958568 115.50 115.50 111.50 113.00
2236 百達-KY 5300 127650 24.30 24.30 23.75 24.30
2239 英利-KY 114030 10285518 90.30 91.00 89.80 90.40
2241 艾姆勒 83000 4403400 53.80 53.80 52.80 52.90
2243 宏旭-KY 26000 258930 9.92 10.15 9.90 9.91
2247 汎德永業 54712 12124784 222.50 222.50 221.00 221.00
2250 IKKA-KY 2538750 453093889 173.00 196.00 169.00 188.00
2301 光寶科 2483560 162319118 65.00 65.60 65.00 65.40
2302 麗正 303052 5341943 17.90 17.90 17.50 17.50
2303 聯電 260150677 13904231359 54.00 54.40 53.00 53.00
2305 全友 620505 5716930 9.25 9.32 9.15 9.17
2308 台達電 4729360 1402618245 294.00 298.50 293.50 297.00
2312 金寶 8765361 120377203 13.85 13.95 13.60 13.75
2313 華通 3066854 118627091 38.80 38.80 38.40 38.80
2314 台揚 30281158 1329551678 40.00 44.80 39.80 44.80
2316 楠梓電 322821 9438339 29.65 29.65 29.10 29.10
2317 鴻海 29021210 3206383742 110.00 112.50 109.00 112.00
2321 東訊 3110 21728 7.01 7.01 7.01 7.01
2323 中環 11476370 120265241 10.40 10.65 10.30 10.30
2324 仁寶 12162201 282208137 23.30 23.30 23.15 23.20
2327 國巨 4942519 2407920387 484.50 492.00 482.50 491.00
2328 廣宇 3445169 134416442 39.20 39.30 38.70 38.80
2329 華泰 20359675 380869420 18.20 19.00 18.20 18.85
2330 台積電 16046580 9506251977 591.00 595.00 590.00 595.00
2331 精英 2929926 68994096 24.05 24.05 23.30 23.40
2332 友訊 2078915 40750782 19.70 19.80 19.50 19.50
2337 旺宏 25939905 1105740955 43.20 43.25 42.25 42.65
2338 光罩 7874306 656629086 83.60 84.80 82.60 83.00
2340 光磊 3113296 83747185 26.80 27.05 26.70 26.90
2342 茂矽 779155 25227280 32.50 32.65 32.15 32.30
2344 華邦電 77460374 2633091782 34.65 34.70 33.65 33.95
2345 智邦 919298 266929989 288.00 292.00 288.00 291.00
2347 聯強 7377187 439342572 59.90 59.90 59.30 59.70
2348 海悅 169818 16271000 96.30 96.50 95.20 95.50
2349 錸德 2229176 22667864 10.15 10.30 10.10 10.10
2351 順德 9712214 937900359 94.00 99.50 91.50 97.20
2352 佳世達 6041573 186797738 31.00 31.10 30.65 31.00
2353 宏碁 15056116 484244635 32.10 32.35 31.90 32.10
2354 鴻準 6144418 393215382 64.50 64.60 63.70 64.00
2355 敬鵬 859238 25425224 29.35 29.85 29.30 29.65
2356 英業達 6337558 163909487 26.15 26.15 25.80 25.80
2357 華碩 1634816 636909608 390.00 390.00 388.50 390.00
2358 廷鑫 801733 11449186 14.65 14.65 14.10 14.20
2359 所羅門 188610 3247074 17.35 17.35 17.10 17.25
2360 致茂 478362 91829125 191.50 194.50 189.00 192.50
2362 藍天 489090 14675753 30.00 30.15 29.90 30.15
2363 矽統 11740570 250482518 21.55 21.70 21.05 21.10
2364 倫飛 153823 479674 3.12 3.14 3.11 3.14
2365 昆盈 1874175 23570604 12.80 12.85 12.40 12.40
2367 燿華 3829119 83546918 21.65 21.95 21.55 21.80
2368 金像電 47501139 2713001308 58.00 59.80 54.90 55.60
2369 菱生 4148171 74733805 18.10 18.25 17.80 18.05
2371 大同 4946645 123480493 24.95 25.10 24.85 24.85
2373 震旦行 21480 1961989 91.60 91.60 91.00 91.10
2374 佳能 647277 10003900 15.55 15.55 15.40 15.50
2375 凱美 5587415 586235805 104.50 106.00 102.00 105.00
2376 技嘉 5629959 634324331 114.00 114.50 111.50 112.00
2377 微星 3857060 660283326 173.50 174.00 170.00 170.00
2379 瑞昱 763931 381546895 495.00 503.00 494.50 502.00
2380 虹光 1414382 17771500 12.95 12.95 12.40 12.45
2382 廣達 8901069 775300307 87.30 87.50 86.80 87.10
2383 台光電 1289887 205738070 158.50 161.00 158.00 159.50
2385 群光 5256776 411155517 78.70 78.90 77.80 77.80
2387 精元 3076688 180277464 58.00 60.30 57.10 57.80
2388 威盛 1766862 88468471 50.90 50.90 49.55 49.85
2390 云辰 11032854 264010834 24.30 24.70 23.25 23.45
2392 正崴 946864 38344961 40.80 40.80 40.30 40.40
2393 億光 7400627 356653111 47.85 48.50 47.80 48.40
2395 研華 840176 272383080 316.00 328.00 316.00 324.50
2397 友通 96214 6295110 67.80 67.80 64.20 64.90
2399 映泰 12191909 352272606 28.85 29.70 28.05 28.10
2401 凌陽 18775677 571520055 30.00 31.00 29.80 30.45
2402 毅嘉 1644411 29256713 17.85 17.95 17.65 17.65
2404 漢唐 1228663 293202541 241.00 241.00 237.50 238.00
2405 浩鑫 1351094 17506871 13.05 13.10 12.85 12.90
2406 國碩 1883275 36069738 19.15 19.50 18.95 18.95
2408 南亞科 23036006 1902629552 84.60 84.60 81.80 82.20
2409 友達 244465324 6037924362 24.95 25.20 24.35 24.40
2412 中華電 4233014 481804915 113.50 114.00 113.50 114.00
2413 環科 269276 6116930 23.00 23.20 22.45 22.50
2414 精技 213353 6196753 29.10 29.35 28.85 29.30
2415 錩新 2659984 106077722 41.70 41.70 38.70 39.05
2417 圓剛 2368271 105528118 44.60 45.20 44.00 44.00
2419 仲琦 225309 4692475 20.85 20.95 20.75 20.80
2420 新巨 99716 3698031 37.10 37.25 37.00 37.10
2421 建準 860952 38632439 45.00 45.20 44.65 44.65
2423 固緯 146169 3503937 23.85 24.10 23.75 24.10
2424 隴華 38 993    
2425 承啟 380127 11789427 31.60 31.70 30.50 30.60
2426 鼎元 3020453 80648063 27.00 27.10 26.45 26.50
2427 三商電 201149 2283746 11.30 11.40 11.30 11.40
2428 興勤 321026 50602389 159.50 160.00 156.50 157.00
2429 銘旺科 24002 385182 16.05 16.05 16.00 16.00
2430 燦坤 1444576 42761989 30.00 30.30 29.00 29.35
2431 聯昌 715470 10658781 14.90 15.15 14.70 14.90
2433 互盛電 38233 2039203 53.40 53.40 53.30 53.30
2434 統懋 22275 848448 39.30 39.40 37.60 37.65
2436 偉詮電 40129044 3043729542 73.40 78.30 72.60 76.00
2438 翔耀 58814 643914 11.00 11.05 10.85 10.85
2439 美律 427970 45466688 105.50 107.00 105.00 106.50
2440 太空梭 733074 13594697 19.00 19.00 18.30 18.30
2441 超豐 5622716 398305092 72.00 72.00 70.10 70.80
2442 新美齊 855888 8836138 10.35 10.50 10.15 10.20
2443 億麗 176665 521901 2.92 3.00 2.90 2.99
2444 兆勁 179799 2235491 12.45 12.55 12.35 12.40
2449 京元電子 29130303 1212079243 41.30 42.30 41.00 41.70
2450 神腦 168370 5534460 33.15 33.15 32.80 32.85
2451 創見 860966 62769747 72.80 73.40 72.30 73.30
2453 凌群 474468 12547046 26.55 26.65 26.25 26.45
2454 聯發科 4084872 3968840304 971.00 977.00 966.00 977.00
2455 全新 1733944 198184738 115.50 116.00 113.00 113.00
2456 奇力新 1473652 143627988 98.00 98.00 97.10 97.40
2457 飛宏 14522501 529331629 36.30 37.00 35.90 36.10
2458 義隆 2109799 430524220 206.50 207.00 203.00 203.00
2459 敦吉 23280 1253982 53.90 53.90 53.80 53.90
2460 建通 1170134 41957173 36.05 36.30 35.60 35.70
2461 光群雷 1248538 27073668 22.25 22.25 21.35 21.50
2462 良得電 428721 13671770 32.80 32.80 31.30 31.65
2464 盟立 881836 39480921 44.80 45.50 44.45 44.50
2465 麗臺 5005142 340524762 69.40 70.20 66.80 67.30
2466 冠西電 84000 2739250 32.70 32.70 32.50 32.70
2467 志聖 265708 14259825 53.90 54.00 53.30 53.70
2468 華經 157095 2154231 13.90 13.90 13.65 13.65
2471 資通 143322 3746983 26.35 26.40 26.00 26.00
2472 立隆電 683631 43601859 63.60 64.20 63.60 63.70
2474 可成 1578618 287157394 182.00 183.00 181.00 182.00
2476 鉅祥 3467540 121440346 35.90 35.90 34.50 34.50
2477 美隆電 1259745 40656316 32.75 32.75 31.95 31.95
2478 大毅 430851 29576028 68.60 69.00 68.20 68.60
2480 敦陽科 206967 14434213 69.90 70.10 69.50 69.60
2481 強茂 7640884 409742899 52.60 54.50 52.30 54.00
2482 連宇 143906 1628269 11.30 11.40 11.20 11.20
2483 百容 150232 3076966 20.30 20.95 20.10 20.90
2484 希華 1556045 43915264 28.45 28.50 28.05 28.05
2485 兆赫 2443806 46653270 19.30 19.40 18.90 18.95
2486 一詮 2929353 84281752 29.35 29.60 28.30 28.60
2488 漢平 115367 3453422 29.95 30.05 29.85 29.85
2489 瑞軒 7190526 127812877 17.90 18.10 17.55 17.55
2491 吉祥全 987646 29454591 30.50 30.50 29.15 29.25
2492 華新科 3418558 688172545 202.00 203.00 199.00 202.00
2493 揚博 165229 6230121 37.80 38.00 37.60 37.80
2495 普安 7632992 170341561 22.90 23.00 21.85 21.95
2496 卓越 3033 172992 57.10 57.10 57.00 57.00
2497 怡利電 134000 3875500 29.25 29.25 28.70 28.70
2498 宏達電 4131645 152288424 37.10 37.25 36.65 36.65
2501 國建 479746 9502812 19.80 19.85 19.70 19.80
2504 國產 2915011 74005924 25.70 25.70 25.20 25.25
2505 國揚 1069268 32704345 30.90 30.90 30.40 30.60
2506 太設 303070 3137004 10.45 10.45 10.25 10.35
2509 全坤建 374808 7318388 19.60 19.60 19.45 19.50
2511 太子 1010267 12095856 12.10 12.10 11.90 11.90
2514 龍邦 438987 7922936 18.00 18.25 17.90 17.90
2515 中工 8461191 78542593 9.40 9.40 9.20 9.20
2516 新建 544236 3357292 6.29 6.29 6.12 6.12
2520 冠德 2620873 97644814 37.30 37.40 37.15 37.20
2524 京城 19020 654916 34.75 34.75 34.30 34.40
2527 宏璟 223739 5071358 22.80 22.80 22.50 22.70
2528 皇普 226000 4949550 22.00 22.00 21.75 21.85
2530 華建 408224 5595579 13.70 13.80 13.65 13.65
2534 宏盛 408524 8319041 20.60 20.60 20.30 20.40
2535 達欣工 882471 29410350 33.40 33.45 33.20 33.30
2536 宏普 68000 1484150 21.90 21.90 21.75 21.85
2537 聯上發 241380 2244438 9.33 9.34 9.25 9.27
2538 基泰 420449 4184960 9.98 10.00 9.92 9.93
2539 櫻花建 181025 5682963 31.50 31.60 31.20 31.30
2540 愛山林 23050 1670100 72.50 73.00 72.00 72.20
2542 興富發 1863412 78133755 42.00 42.00 41.80 41.95
2543 皇昌 59036 456323 7.75 7.83 7.69 7.82
2545 皇翔 526647 22102843 42.20 42.20 41.80 41.95
2546 根基 134814 6475821 48.25 48.30 47.70 47.90
2547 日勝生 1046640 11751127 11.40 11.40 11.15 11.15
2548 華固 1133244 105468499 92.90 93.30 92.60 93.10
2597 潤弘 87000 12192029 142.50 142.50 139.00 140.00
2601 益航 21172561 296224627 14.30 14.40 13.70 13.80
2603 長榮 440988606 52466457011 119.00 121.50 116.00 116.50
2605 新興 17771338 496043704 28.50 28.75 27.20 27.20
2606 裕民 28715757 1718988502 60.40 61.30 58.80 59.00
2607 榮運 17449710 403620368 23.40 23.65 22.70 22.75
2608 嘉里大榮 14212550 993207241 72.00 72.40 68.00 68.40
2609 陽明 404392317 46986862426 114.00 119.50 113.00 115.50
2610 華航 1281795252 27753568495 21.40 22.55 20.50 20.50
2611 志信 8071426 144858668 18.20 18.40 17.30 17.55
2612 中航 3200062 148334941 46.95 47.45 45.00 45.60
2613 中櫃 1498915 41242227 28.00 28.15 27.00 27.00
2614 東森 6413293 112762842 17.85 17.85 17.40 17.45
2615 萬海 14789981 2334058610 159.00 162.00 155.00 155.50
2616 山隆 184317 6734986 36.80 36.80 36.30 36.80
2617 台航 26278867 1181500539 46.05 46.95 42.20 42.60
2618 長榮航 684626596 14897098943 21.85 22.05 21.10 21.50
2630 亞航 7676811 163753429 21.50 21.50 20.50 21.50
2633 台灣高鐵 3060970 91640277 30.00 30.05 29.80 30.00
2634 漢翔 8484273 252394701 29.90 30.60 29.05 29.30
2636 台驊投控 9646553 1300818345 132.00 139.50 132.00 133.00
2637 慧洋-KY 76474458 5623932590 75.80 77.00 70.00 70.20
2642 宅配通 3482729 272999929 81.50 81.50 76.30 79.10
2701 萬企 235000 2911399 12.40 12.50 12.20 12.40
2702 華園 1471794 31307876 21.20 22.50 20.10 21.40
2704 國賓 560265 16359567 28.00 30.00 28.00 29.50
2705 六福 552813 9744375 17.20 17.95 17.20 17.35
2706 第一店 299781 4317177 14.30 14.50 14.25 14.35
2707 晶華 1059594 154643368 142.50 148.00 142.50 145.00
2712 遠雄來 71402 2515546 34.00 36.50 33.80 35.80
2722 夏都 30310 888017 29.00 29.75 28.80 29.20
2723 美食-KY 1517339 268284786 177.50 183.00 173.00 173.50
2727 王品 8252256 1210560686 142.00 152.00 140.50 146.00
2731 雄獅 2228469 207113615 90.50 96.00 90.50 91.00
2739 寒舍 81000 1969900 24.85 24.85 24.15 24.15
2748 雲品 150792 6183126 41.00 41.30 40.10 40.10
2801 彰銀 15869293 266761182 16.85 16.90 16.75 16.90
2809 京城銀 3447357 137864507 40.05 40.20 39.85 39.90
2812 台中銀 3925066 45245459 11.60 11.60 11.50 11.55
2816 旺旺保 163726 3352586 20.50 20.60 20.40 20.50
2820 華票 1029750 16557690 16.05 16.10 16.05 16.05
2823 中壽 3427523 84660018 24.70 24.80 24.65 24.75
2832 台產 646797 13866854 21.45 21.55 21.30 21.50
2834 臺企銀 9657923 92666838 9.65 9.65 9.55 9.61
2836 高雄銀 603590 6723512 11.15 11.20 11.10 11.20
2836A 高雄銀甲特 8020 184104 22.95 22.95 22.95 22.95
2838 聯邦銀 770366 8999641 11.70 11.75 11.65 11.70
2838A 聯邦銀甲特 14819 784216 53.00 53.00 52.90 53.00
2841 台開 342431 2384879 6.99 7.02 6.94 6.98
2845 遠東銀 1371963 14513197 10.60 10.65 10.55 10.55
2849 安泰銀 65319 954648 14.65 14.70 14.55 14.60
2850 新產 111310 4426257 40.00 40.00 39.70 39.75
2851 中再保 742514 19135216 26.00 26.00 25.65 25.85
2852 第一保 165004 2142052 13.00 13.05 12.95 13.00
2855 統一證 3373876 96087020 28.75 28.75 28.30 28.40
2867 三商壽 5012027 47965625 9.72 9.73 9.50 9.51
2880 華南金 5389064 98667764 18.30 18.40 18.25 18.30
2881 富邦金 14075288 1024042791 73.00 73.10 72.50 72.90
2881A 富邦特 283200 17678717 62.40 62.50 62.30 62.50
2881B 富邦金乙特 26151 1623331 62.20 62.20 62.00 62.20
2882 國泰金 26136137 1438115875 55.20 55.60 54.80 55.00
2882A 國泰特 48269 3007825 62.30 62.40 62.30 62.40
2882B 國泰金乙特 19797 1228052 62.00 62.10 62.00 62.10
2883 開發金 66269230 834353379 12.60 12.75 12.45 12.65
2884 玉山金 9682020 250611712 25.85 25.95 25.80 25.95
2885 元大金 12082229 311347350 25.80 25.90 25.70 25.80
2886 兆豐金 11119680 366322668 33.00 33.00 32.85 33.00
2887 台新金 18781889 285355102 15.20 15.25 15.15 15.25
2887E 台新戊特 231318 12259942 53.00 53.10 52.90 53.10
2887F 台新戊特二 12022 620326 51.60 51.60 51.60 51.60
2888 新光金 54500971 541547137 10.00 10.00 9.88 9.99
2888A 新光金甲特 33004 1403669 42.55 42.55 42.50 42.50
2888B 新光金乙特 352629 14427093 41.00 41.05 40.85 40.90
2889 國票金 2645210 45170553 17.10 17.15 17.00 17.10
2890 永豐金 14538010 198400561 13.65 13.70 13.60 13.70
2891 中信金 36407477 822097483 22.55 22.75 22.50 22.75
2891B 中信金乙特 7832 494289 63.20 63.20 62.80 63.20
2891C 中信金丙特 6593 402429 61.10 61.10 61.00 61.10
2892 第一金 6153458 136342948 22.10 22.25 22.10 22.25
2897 王道銀行 1635313 11580672 7.13 7.13 7.05 7.08
2897A 王道銀甲特 21000 213200 10.20 10.20 10.15 10.15
2901 欣欣 47383 1390226 29.30 29.75 29.00 29.30
2903 遠百 463071 10708481 23.05 23.30 23.00 23.05
2904 匯僑 67898 2029459 29.95 30.00 29.80 30.00
2905 三商 552715 12598039 22.70 23.00 22.70 22.75
2906 高林 249072 3898729 15.65 15.75 15.55 15.65
2908 特力 166847 4528786 27.50 27.50 26.90 27.20
2910 統領 2000 67100 33.50 33.60 33.50 33.60
2911 麗嬰房 15834847 156304178 10.40 10.40 9.43 9.50
2912 統一超 742784 195933346 264.50 265.00 263.00 263.50
2913 農林 34095899 732215388 20.70 21.95 20.60 21.65
2915 潤泰全 1090533 91169011 84.10 84.20 83.20 83.50
2923 鼎固-KY 35164 980608 27.80 28.50 27.80 28.50
2929 淘帝-KY 2851022 49005218 18.00 18.00 16.70 16.80
2936 客思達-KY 20070 456261 22.75 22.85 22.50 22.85
2939 凱羿-KY 113231 3908566 34.00 36.30 34.00 36.30
3002 歐格 37782 451848 11.85 12.15 11.70 12.05
3003 健和興 2365686 173842585 73.90 74.90 72.10 72.10
3004 豐達科 3576902 243529079 65.80 70.80 65.00 66.90
3005 神基 1904290 96369931 50.60 51.10 50.30 50.40
3006 晶豪科 26467643 3613122194 134.50 140.00 131.00 139.00
3008 大立光 251686 761579485 3035.00 3065.00 3000.00 3040.00
3010 華立 332228 25762197 77.50 78.00 77.30 77.50
3011 今皓 215051 1723638 8.01 8.07 7.95 8.00
3013 晟銘電 255346 3359746 13.25 13.40 13.10 13.20
3014 聯陽 2929260 344000301 119.00 119.50 116.00 117.00
3015 全漢 342780 15245605 44.85 44.95 44.20 44.20
3016 嘉晶 2479845 166035931 68.00 68.00 66.20 66.50
3017 奇鋐 7337486 523563763 72.70 73.20 70.20 70.30
3018 同開 56123 907819 16.25 16.40 16.00 16.05
3019 亞光 1252631 101453046 81.20 81.60 80.40 81.00
3021 鴻名 379450 8110843 22.10 22.10 21.00 21.25
3022 威強電 436427 22075815 51.30 51.30 50.00 50.60
3023 信邦 761004 203720035 262.00 270.00 262.00 269.00
3024 憶聲 1193874 15851316 13.30 13.45 13.15 13.20
3025 星通 598173 14967943 25.50 25.70 24.65 24.80
3026 禾伸堂 930951 121239585 129.50 131.00 129.00 131.00
3027 盛達 1061515 24704571 23.20 23.70 22.75 22.90
3028 增你強 465921 13085698 28.25 28.25 28.00 28.10
3029 零壹 663857 31117871 47.00 47.00 46.75 46.90
3030 德律 446238 25481007 57.40 57.40 57.00 57.00
3031 佰鴻 263000 4862708 18.55 18.70 18.30 18.40
3032 偉訓 159496 6603481 41.70 41.70 41.10 41.25
3033 威健 2447733 58204993 23.90 24.10 23.60 23.65
3034 聯詠 4260108 2121299790 498.00 503.00 493.00 500.00
3035 智原 14110155 994154121 71.00 72.40 69.10 69.10
3036 文曄 1251938 68409187 55.20 55.20 54.30 54.50
3036A 文曄甲特 43000 2051700 47.75 47.75 47.70 47.70
3037 欣興 54261007 6404027542 119.50 120.00 116.00 117.50
3038 全台 2799552 58872694 21.05 21.30 20.75 20.75
3040 遠見 173488 8699944 50.60 50.60 50.00 50.10
3041 揚智 7107911 191416833 27.00 27.60 26.15 26.30
3042 晶技 5400898 572502269 105.50 107.50 105.00 105.50
3043 科風 304455 1246102 4.07 4.10 4.07 4.10
3044 健鼎 427210 54888616 128.50 129.50 127.50 128.50
3045 台灣大 2582833 260509866 100.50 101.50 100.00 101.00
3046 建碁 84572 2070519 24.60 25.20 23.95 24.25
3047 訊舟 616743 7060266 11.40 11.55 11.35 11.35
3048 益登 1332925 46223309 35.05 35.05 34.50 34.60
3049 和鑫 12970348 170356347 13.10 13.30 12.95 13.05
3050 鈺德 482008 7308620 15.30 15.30 15.05 15.05
3051 力特 511506 4206192 8.35 8.39 8.00 8.17
3052 夆典 1037508 13270857 12.90 12.90 12.65 12.85
3054 立萬利 5300 119609 23.25 23.25 22.30 22.35
3055 蔚華科 80622 2285067 28.50 28.60 28.20 28.20
3056 總太 451295 17552051 39.00 39.00 38.80 38.85
3057 喬鼎 795665 12772157 16.35 16.55 15.75 15.75
3058 立德 3470556 53807879 16.05 16.05 15.10 15.20
3059 華晶科 2250383 80228011 35.85 36.10 35.30 35.35
3060 銘異 6331268 187784472 29.90 30.30 29.30 29.50
3062 建漢 1612432 28663993 17.65 18.05 17.60 17.75
3090 日電貿 562718 29708047 52.80 53.30 52.50 52.60
3092 鴻碩 645750 43891162 68.00 68.60 67.50 67.50
3094 聯傑 2621026 86558357 34.00 34.00 32.65 32.65
3130 一零四 717 116698    
3138 耀登 844554 158909641 193.00 193.00 185.00 187.00
3149 正達 2356556 79096104 33.95 34.25 33.00 33.00
3164 景岳 150842 3746058 24.65 25.10 24.60 25.10
3167 大量 495923 34298929 69.30 71.00 68.00 68.20
3189 景碩 22637912 2643477938 116.00 120.00 113.50 116.00
3209 全科 427366 12121537 28.45 28.45 28.30 28.35
3229 晟鈦 32001 197926 6.11 6.20 6.10 6.20
3231 緯創 9341855 288755187 31.10 31.10 30.70 30.95
3257 虹冠電 116748 8659992 74.70 74.70 74.00 74.10
3266 昇陽 34000 417800 12.30 12.35 12.25 12.30
3296 勝德 142050 2879317 20.60 20.65 20.05 20.30
3305 昇貿 2897177 137506710 47.00 48.30 46.60 47.55
3308 聯德 126782 1060467 8.69 8.69 8.22 8.28
3311 閎暉 69323 2339067 33.85 34.00 33.55 33.55
3312 弘憶股 464448 9503445 20.50 20.70 20.25 20.25
3321 同泰 298784 3874573 13.05 13.20 12.90 12.90
3338 泰碩 456115 22237838 49.40 49.45 48.40 48.50
3346 麗清 561283 24496167 43.90 44.15 43.05 43.05
3356 奇偶 171676 4841045 28.70 28.70 27.95 28.15
3376 新日興 373025 41825838 113.00 113.00 111.50 112.00
3380 明泰 1729023 48933599 28.80 28.80 28.00 28.10
3383 新世紀 38715 178837 4.65 4.65 4.60 4.60
3406 玉晶光 2279799 1116944621 483.50 496.00 481.00 492.50
3413 京鼎 649980 149152658 229.00 231.50 228.00 229.00
3416 融程電 50001 3672074 74.30 74.30 73.20 73.80
3419 譁裕 462100 8965940 19.40 19.55 19.25 19.25
3432 台端 231076 3033106 13.00 13.25 13.00 13.15
3437 榮創 1355688 39851217 29.55 29.75 29.05 29.20
3443 創意 941848 329527099 349.00 356.00 342.50 351.50
3450 聯鈞 219088 12654679 57.60 58.30 57.50 57.50
3454 晶睿 28023 2192600 79.10 79.10 78.00 78.10
3481 群創 273419614 6376413843 23.10 23.70 23.05 23.15
3494 誠研 282913 948828 3.40 3.44 3.30 3.38
3501 維熹 62023 3124468 50.20 50.70 50.20 50.20
3504 揚明光 597338 44974529 77.50 77.50 74.50 75.00
3515 華擎 568218 92647545 164.50 165.50 161.50 162.00
3518 柏騰 138307 3761693 27.30 27.35 27.05 27.30
3528 安馳 51008 2357172 45.90 46.65 45.85 46.65
3530 晶相光 15824157 2358188737 144.50 151.50 143.00 151.50
3532 台勝科 3336987 574648274 174.50 177.50 170.00 170.50
3533 嘉澤 398498 229674348 567.00 583.00 564.00 569.00
3535 晶彩科 272042 4640168 17.30 17.30 16.90 17.00
3536 誠創 157153 1431113 9.80 9.80 8.11 8.80
3543 州巧 52258 1454279 28.10 28.10 27.70 27.80
3545 敦泰 45620359 10477605447 227.00 236.00 223.00 226.50
3550 聯穎 219061 3993525 18.45 18.45 18.10 18.10
3557 嘉威 504696 43336765 83.50 87.80 83.50 85.70
3563 牧德 124931 30173141 241.00 242.50 240.50 241.00
3576 聯合再生 16499631 216284760 13.35 13.35 13.00 13.00
3583 辛耘 203520 12549740 61.40 62.00 61.10 61.60
3588 通嘉 3209990 277244136 85.00 88.00 83.30 85.10
3591 艾笛森 174423 3459838 20.20 20.20 19.65 19.70
3593 力銘 58015 826915 14.20 14.70 14.00 14.20
3596 智易 1629416 160988589 99.50 99.50 98.10 98.30
3605 宏致 1849707 86352932 46.15 47.05 46.00 46.75
3607 谷崧 281056 4083710 14.60 14.70 14.40 14.45
3617 碩天 29000 2384300 82.60 82.60 82.00 82.40
3622 洋華 440701 14666168 33.40 33.70 32.85 33.00
3645 達邁 156011 7251950 46.80 46.80 46.20 46.30
3653 健策 1194918 339905990 282.00 288.00 278.50 285.50
3661 世芯-KY 3348816 1893865803 565.00 573.00 553.00 573.00
3665 貿聯-KY 918094 218636342 238.50 243.00 236.00 236.50
3669 圓展 1691203 147806466 86.70 88.30 86.10 87.30
3673 TPK-KY 1711032 79540804 46.55 46.90 46.20 46.25
3679 新至陞 297841 41328883 136.50 141.00 136.00 138.50
3682 亞太電 4295342 38847719 9.10 9.12 9.00 9.01
3686 達能 602155 9322452 15.50 15.70 15.35 15.45
3694 海華 427000 10004400 23.55 23.90 23.20 23.50
3701 大眾控 54 757    
3702 大聯大 2255950 115371398 51.20 51.40 50.70 51.30
3702A 大聯大甲特 111455 5572650 50.00 50.00 50.00 50.00
3703 欣陸 1505692 37422963 24.90 25.20 24.70 24.75
3704 合勤控 3094264 93328818 30.70 30.80 29.90 29.90
3705 永信 219300 9553374 43.70 43.90 43.45 43.50
3706 神達 4046080 115833354 28.60 28.80 28.45 28.60
3708 上緯投控 1556388 181605327 113.50 119.50 113.00 114.50
3711 日月光投控 5524477 612060452 111.00 111.50 110.00 111.00
3712 永崴投控 532938 15569946 29.30 29.50 29.05 29.05
3714 富采 3108723 234820416 76.10 76.30 75.00 75.10
4104 佳醫 138974 7991751 57.50 57.80 57.10 57.50
4106 雃博 10767712 513309850 48.60 49.90 45.20 45.25
4108 懷特 608436 15309390 25.60 25.60 24.95 25.10
4119 旭富 189798 16605480 87.10 88.30 87.00 87.00
4133 亞諾法 15477517 1078333113 67.80 71.90 67.60 68.00
4137 麗豐-KY 73167 15373840 211.00 211.00 209.50 209.50
4141 龍燈-KY 154321 1880371 12.20 12.30 12.10 12.10
4142 國光生 4077059 216306556 53.20 54.00 52.40 52.50
4148 全宇生技-KY 14000 480800 34.25 34.50 34.25 34.35
4155 訊映 73050 1829105 25.20 25.20 24.95 25.00
4164 承業醫 164694 6125382 37.25 37.50 37.10 37.10
4190 佐登-KY 152201 11760678 78.90 78.90 76.80 77.00
4306 炎洲 8649406 165650616 19.10 19.30 19.00 19.15
4414 如興 4120717 41282952 10.20 10.25 9.93 9.94
4426 利勤 319985 8030865 25.30 25.80 24.80 24.90
4438 廣越 47020 6212630 131.00 133.50 131.00 132.00
4439 冠星-KY 12000 1755000 146.50 146.50 146.00 146.00
4526 東台 602689 9472016 15.60 15.85 15.45 15.60
4532 瑞智 473521 9703994 20.50 20.65 20.40 20.45
4536 拓凱 92315 14981210 163.00 163.50 161.00 162.50
4540 全球傳動 192000 9884700 52.10 52.20 51.10 51.30
4545 銘鈺 36000 992950 27.65 28.00 27.30 27.50
4551 智伸科 108618 18474228 170.00 171.00 169.00 170.00
4552 力達-KY 63320 1961916 31.00 31.40 30.70 31.35
4555 氣立 59100 3187388 54.00 54.20 53.40 53.90
4557 永新-KY 3071 196130 63.80 63.90 63.80 63.90
4560 強信-KY 170000 7075650 41.70 41.90 41.50 41.90
4562 穎漢 101469 2030798 20.00 20.40 19.75 20.20
4564 元翎 1513559 64033272 42.60 43.00 41.65 42.55
4566 時碩工業 86000 4045350 47.55 47.55 46.90 46.95
4571 鈞興-KY 85000 11726500 136.50 138.50 136.50 138.00
4572 駐龍 1584707 181928505 112.50 117.00 109.00 117.00
4576 大銀微系統 107083 13118516 124.00 124.50 121.50 121.50
4581 光隆精密-KY 5000 183400 36.75 36.75 36.60 36.60
4720 德淵 448482 6924061 15.45 15.60 15.25 15.40
4722 國精化 1811636 61191167 33.95 34.10 33.50 33.85
4737 華廣 62198 4383305 70.40 71.60 70.00 70.80
4739 康普 740607 58119700 77.50 79.50 77.10 78.40
4746 台耀 2387989 220523832 93.50 93.50 91.00 91.00
4755 三福化 29752 1883366 63.20 63.60 62.60 63.20
4763 材料-KY 166829 18169510 108.00 110.00 108.00 109.00
4764 雙鍵 5002 281511 57.70 57.70 55.80 55.80
4766 南寶 24052 3625877 151.00 151.50 149.50 150.00
4807 日成-KY 26006 623392 24.20 24.20 23.85 23.85
4904 遠傳 1561544 101719478 64.70 65.50 64.70 65.50
4906 正文 1828084 54810112 30.20 30.20 29.85 29.95
4912 聯德控股-KY 159040 29318454 184.50 186.00 182.00 186.00
4915 致伸 992371 52131739 52.40 52.90 52.10 52.80
4916 事欣科 147108 3412888 23.40 23.40 23.00 23.30
4919 新唐 44062273 3851828547 85.10 90.00 84.30 86.00
4927 泰鼎-KY 711992 39555137 56.20 56.20 55.20 55.30
4930 燦星網 1058327 27189374 26.60 26.60 25.15 25.45
4934 太極 835193 19697885 23.85 23.85 23.40 23.70
4935 茂林-KY 2799207 295802609 107.00 108.00 103.50 104.00
4938 和碩 5751369 422245829 73.20 73.60 73.10 73.40
4942 嘉彰 227400 9837408 43.05 43.60 43.00 43.35
4943 康控-KY 4016919 321083126 80.50 82.00 78.50 78.70
4952 凌通 195183 10159806 52.00 52.50 51.80 52.00
4956 光鋐 985066 22876952 23.50 23.70 23.00 23.00
4958 臻鼎-KY 1465194 141762014 96.90 97.30 96.30 97.20
4960 誠美材 4935404 60367371 12.30 12.40 12.15 12.15
4961 天鈺 13378472 4235579093 317.50 322.50 310.50 315.00
4967 十銓 14477361 920583337 61.90 64.90 61.50 63.10
4968 立積 1566189 799146218 513.00 518.00 506.00 511.00
4976 佳凌 8103713 681861667 81.50 86.00 81.40 85.20
4977 眾達-KY 394250 38946900 99.90 99.90 98.10 98.80
4989 榮科 1013450 39154158 39.00 39.40 38.50 38.55
4994 傳奇 33044 2142883 65.00 65.00 64.60 64.60
4999 鑫禾 268891 13244333 49.35 49.45 49.15 49.20
5007 三星 36474 2167153 60.10 60.10 59.10 59.10
5203 訊連 325376 28442267 85.90 89.80 85.40 88.50
5215 科嘉-KY 152680 17372385 113.50 114.50 113.00 114.00
5225 東科-KY 21000 437100 21.10 21.35 20.60 20.75
5234 達興材料 101158 8960011 89.00 89.00 88.30 88.60
5243 乙盛-KY 776244 46587159 60.40 60.40 59.70 59.80
5258 虹堡 253331 5556942 22.00 22.10 21.80 21.90
5269 祥碩 625332 881709395 1420.00 1445.00 1365.00 1435.00
5283 禾聯碩 25550 3047106 119.00 119.50 119.00 119.50
5284 jpp-KY 29425 1268076 43.20 43.20 43.00 43.00
5285 界霖 1021687 79453910 77.20 79.50 76.30 78.10
5288 豐祥-KY 50100 6898950 138.00 138.50 137.00 138.00
5388 中磊 1450131 94051333 66.30 66.30 64.50 64.60
5434 崇越 1423966 174839714 125.00 125.00 121.50 121.50
5469 瀚宇博 1664584 73541588 44.50 44.50 44.00 44.10
5471 松翰 1583208 145392939 92.30 92.40 91.20 91.80
5484 慧友 71746 1011853 14.35 14.35 14.00 14.00
5515 建國 122120 1632826 13.35 13.45 13.30 13.30
5519 隆大 916092 20600547 22.55 22.75 22.35 22.35
5521 工信 1596888 15969481 10.00 10.05 9.95 9.99
5522 遠雄 732641 41075233 55.50 56.50 55.40 56.40
5525 順天 50867 1244675 24.50 24.80 24.45 24.55
5531 鄉林 1075804 12934705 12.20 12.20 11.90 11.95
5533 皇鼎 77486 1242476 16.05 16.10 16.00 16.05
5534 長虹 319003 25070663 78.60 79.10 78.50 78.60
5538 東明-KY 97100 4374849 45.95 45.95 44.00 44.50
5546 永固-KY 19000 1463500 77.60 77.60 76.70 76.70
5607 遠雄港 7709365 270683927 36.00 36.00 34.25 34.80
5608 四維航 36226400 1347471329 38.35 38.80 35.30 35.45
5706 鳳凰 2820303 121105225 42.75 45.00 41.00 41.95
5871 中租-KY 1237199 255183219 205.00 207.50 204.00 207.00
5871A 中租-KY甲特 31966 3174437 99.30 99.30 99.30 99.30
5876 上海商銀 2090852 93968032 45.15 45.35 44.45 45.15
5880 合庫金 5536313 116696827 21.15 21.15 21.00 21.05
5906 台南-KY 45151 1755185 39.00 40.00 37.60 39.10
5907 大洋-KY 123000 2452800 20.05 20.05 19.80 19.80
6005 群益證 6481454 113870894 17.65 17.70 17.50 17.50
6024 群益期 1725437 75872240 43.90 44.10 43.80 44.00
6108 競國 176032 3427754 19.65 19.65 19.25 19.45
6112 聚碩 79583 3338400 41.90 42.10 41.85 41.95
6115 鎰勝 66032 2901745 44.00 44.05 43.85 44.00
6116 彩晶 276869960 6842253830 24.70 25.20 24.30 24.60
6117 迎廣 5256 84496 16.10 16.10 16.00 16.00
6120 達運 852152 11951913 14.15 14.20 13.95 13.95
6128 上福 75325 1890064 25.35 25.35 25.00 25.00
6133 金橋 285000 2566320 9.17 9.17 8.95 8.99
6136 富爾特 127695 2238062 17.55 17.60 17.50 17.50
6139 亞翔 261520 7699032 29.35 29.70 29.25 29.45
6141 柏承 531198 14697414 27.70 28.20 27.45 27.55
6142 友勁 1040519 13609701 13.45 13.45 12.95 12.95
6152 百一 514104 5500214 10.80 10.90 10.55 10.65
6153 嘉聯益 1666398 49774116 30.00 30.20 29.65 29.65
6155 鈞寶 378382 9913813 26.70 26.70 26.00 26.00
6164 華興 1239721 13099189 10.40 10.85 10.40 10.50
6165 浪凡 178903 5465101 31.00 31.20 30.10 30.40
6166 凌華 85100 5187490 61.70 61.80 60.40 60.40
6168 宏齊 1036789 21624836 20.90 21.10 20.60 20.90
6172 互億 179654 6395928 36.10 37.65 34.05 35.00
6176 瑞儀 967763 114503530 118.50 119.00 118.00 118.50
6177 達麗 351719 10194058 29.35 29.45 28.70 28.70
6183 關貿 47334 2349268 49.55 49.70 49.55 49.65
6184 大豐電 44436 2000920 45.00 45.10 44.95 45.00
6189 豐藝 252942 10147262 40.10 40.20 40.00 40.20
6191 精成科 3211078 101406099 31.95 31.95 31.30 31.45
6192 巨路 99230 7166746 71.00 73.00 70.80 73.00
6196 帆宣 263432 26939003 103.50 103.50 101.50 102.00
6197 佳必琪 193050 7359410 38.30 38.40 37.90 38.05
6201 亞弘電 38051 1750800 46.20 46.20 45.80 45.90
6202 盛群 821616 78413101 95.40 96.20 94.30 95.60
6205 詮欣 88052 2705602 30.80 30.90 30.50 30.55
6206 飛捷 65610 4207183 64.50 64.50 64.00 64.20
6209 今國光 530703 17711923 33.90 33.90 33.05 33.10
6213 聯茂 649371 80452800 125.00 125.00 123.00 124.00
6214 精誠 235379 20629341 87.80 88.00 87.40 87.40
6215 和椿 619441 13906351 22.70 22.95 22.05 22.05
6216 居易 63279 1592382 25.25 25.25 25.05 25.15
6224 聚鼎 2933423 355595406 113.50 125.00 113.50 125.00
6225 天瀚      
6226 光鼎 504311 4600941 9.17 9.20 9.07 9.10
6230 尼得科超眾 166642 36214985 214.50 218.50 214.50 216.50
6235 華孚 256904 4701240 18.45 18.60 18.15 18.15
6239 力成 2212385 232017736 105.00 106.50 104.00 105.00
6243 迅杰 449792 7456885 16.65 16.75 16.40 16.55
6251 定穎 4012168 80248490 20.05 20.35 19.60 19.60
6257 矽格 9114755 473984548 52.00 52.90 50.90 52.50
6269 台郡 1951225 232876102 118.00 120.00 117.50 119.50
6271 同欣電 975052 175695253 183.00 183.00 179.00 179.50
6277 宏正 75517 6380541 85.00 85.00 84.00 84.60
6278 台表科 3306421 397113155 121.50 121.50 119.00 120.00
6281 全國電 24495 2011231 82.30 82.30 81.70 82.00
6282 康舒 1741236 46147675 26.60 26.70 26.30 26.30
6283 淳安 964663 44369908 46.40 46.40 45.55 45.85
6285 啟碁 639706 42234727 66.90 66.90 65.70 65.90
6288 聯嘉 590728 16760449 28.30 28.70 27.90 28.15
6289 華上 28253 86862 3.17 3.17 2.88 2.88
6405 悅城 944130 29232438 30.65 31.90 30.20 30.85
6409 旭隼 71437 87290610 1255.00 1255.00 1205.00 1225.00
6412 群電 254385 17400678 69.00 69.00 68.20 68.30
6414 樺漢 172675 35649110 207.00 207.50 205.00 206.50
6415 矽力-KY 389175 1325319175 3455.00 3535.00 3315.00 3375.00
6416 瑞祺電通 687050 80367293 118.00 119.50 115.50 115.50
6426 統新 66089 5471287 83.00 83.00 82.50 82.50
6431 光麗-KY 32000 981700 31.80 31.80 30.25 30.35
6438 迅得 1112539 107071268 98.10 98.40 94.40 95.30
6442 光聖 58365 1967845 32.60 34.20 32.60 33.55
6443 元晶 11030885 352768820 32.85 32.85 31.55 31.60
6449 鈺邦 123042 7658639 62.30 62.80 61.60 61.90
6451 訊芯-KY 423131 47149066 112.50 112.50 110.50 111.00
6456 GIS-KY 2432156 251063368 102.00 105.50 101.00 102.50
6464 台數科 15041 1657511 110.50 110.50 110.00 110.50
6477 安集 1061442 47934102 45.55 46.00 44.70 44.70
6491 晶碩 547685 279485630 515.00 522.00 499.50 502.00
6504 南六 317502 52896571 165.50 168.00 165.50 165.50
6505 台塑化 3791371 403502460 104.50 108.00 104.00 106.50
6515 穎崴 72407 19575905 276.00 276.00 266.00 270.00
6525 捷敏-KY 407083 30624637 76.30 76.30 74.70 75.10
6531 愛普 2391600 1667475768 710.00 710.00 688.00 691.00
6533 晶心科 866883 390408996 454.50 457.50 444.50 449.00
6541 泰福-KY 553933 31558525 56.80 58.20 56.20 56.20
6552 易華電 140733 7285532 52.60 52.60 51.50 51.70
6558 興能高 128190 5070660 39.40 40.00 39.05 39.40
6573 虹揚-KY 425260 7783867 18.85 19.05 17.95 17.95
6579 研揚 16000 1108100 70.00 70.00 68.10 68.30
6581 鋼聯 26174 1919902 74.60 74.60 73.00 73.60
6582 申豐 1102821 323584567 296.50 303.00 288.00 288.50
6591 動力-KY 213457 14393485 67.20 67.90 67.10 67.10
6592 和潤企業 1393413 115705702 84.70 84.70 82.00 82.00
6598 ABC-KY 1076327 50614049 47.00 47.75 46.00 46.00
6605 帝寶 173000 9880237 57.60 57.70 56.80 56.80
6625 必應 15993 466497 29.35 29.90 28.65 28.80
6641 基士德-KY 73000 4942500 67.60 68.60 67.40 68.50
6655 科定 20015 1436187 71.50 72.00 71.50 71.90
6666 羅麗芬-KY 9003 692133 76.10 77.50 76.10 77.10
6668 中揚光 556068 38016224 68.60 69.60 67.60 67.70
6669 緯穎 378661 338962102 887.00 911.00 882.00 892.00
6670 復盛應用 334213 71157450 215.00 215.50 210.00 214.00
6671 三能-KY 23000 1104650 47.70 48.30 47.70 48.00
6672 騰輝電子-KY 12087639 1546745469 128.00 134.50 123.00 129.00
6674 鋐寶科技 29056 848371 29.35 29.35 29.05 29.05
6698 旭暉應材 89029 3636793 41.05 41.25 40.60 41.00
6706 惠特 1144270 192733731 168.00 171.00 165.50 168.00
6715 嘉基 42000 4472000 106.50 107.50 106.00 106.00
6743 安普新 221984 26294653 121.00 121.00 118.00 118.00
6754 匯僑設計 105109 4835190 46.15 46.25 45.50 45.60
6756 威鋒電子 181224 45085665 250.00 251.00 246.50 248.50
6768 志強-KY 105429 7653371 72.50 73.00 72.10 72.90
6776 展碁國際 582821 24681638 39.60 43.00 39.60 43.00
6781 AES-KY 262267 212038917 811.00 822.00 800.00 809.00
8011 台通 868841 15619538 18.00 18.30 17.80 18.00
8016 矽創 5344277 1495540588 274.00 286.50 270.50 282.50
8021 尖點 1649619 63345748 39.25 39.25 38.05 38.40
8028 昇陽半導體 256992 11975749 46.80 47.15 46.25 46.40
8033 雷虎 877398 13730365 16.10 16.10 15.50 15.55
8039 台虹 728069 34726054 48.05 48.05 47.55 47.70
8046 南電 13842670 4706369098 337.00 345.50 329.50 341.00
8070 長華* 1980436 65478384 33.30 33.60 32.80 32.80
8072 陞泰 18747 467999 25.05 25.05 24.80 24.80
8081 致新 603420 129836455 215.00 217.50 212.50 217.00
8101 華冠 170603 468381 2.68 2.78 2.68 2.78
8103 瀚荃 1042978 43800098 41.85 42.50 41.65 41.75
8104 錸寶 75366 3734028 50.10 50.10 49.30 49.35
8105 凌巨 1444129 20728821 14.35 14.55 14.20 14.20
8110 華東 2870886 45610164 15.75 16.05 15.70 15.80
8112 至上 2657381 105439597 39.95 40.10 39.40 39.50
8114 振樺電 14862 1055909 71.00 71.50 70.90 70.90
8131 福懋科 306692 12107773 39.70 39.80 39.35 39.40
8150 南茂 5433733 247326729 46.10 46.10 45.15 45.20
8163 達方 1163413 49328074 42.50 42.60 42.25 42.40
8201 無敵 33613 339590 10.00 10.20 10.00 10.15
8210 勤誠 237640 17181593 72.90 73.10 72.00 72.20
8213 志超 2356667 115924345 49.00 49.40 48.95 49.30
8215 明基材 2280370 60911853 27.20 27.20 26.50 26.55
8222 寶一 3199740 48710175 14.75 16.00 14.00 15.00
8249 菱光 349205 7726830 22.30 22.30 22.00 22.10
8261 富鼎 4620691 310991572 66.70 68.50 65.60 66.70
8271 宇瞻 2230896 104952622 46.30 47.60 46.15 46.90
8341 日友 68910 15110526 220.00 221.00 218.50 219.00
8367 建新國際 3360836 132545458 40.90 40.90 38.50 38.65
8374 羅昇 215810 5873749 27.60 27.70 27.00 27.10
8404 百和興業-KY 2899127 140182717 49.75 49.95 47.00 47.10
8411 福貞-KY 107626 1499899 14.05 14.10 13.80 14.10
8422 可寧衛 207101 36306806 175.50 176.00 174.50 176.00
8427 基勝-KY 5000 252000 50.50 50.50 50.20 50.40
8429 金麗-KY 5418982 75266217 14.50 14.50 13.35 13.35
8442 威宏-KY 28000 1096000 39.50 39.70 38.80 38.80
8443 阿瘦 60782 708978 11.85 11.85 11.55 11.65
8454 富邦媒 234778 317109060 1355.00 1370.00 1335.00 1340.00
8462 柏文 96982 14213950 145.00 149.50 144.00 147.50
8463 潤泰材 77000 2784600 36.20 36.55 36.00 36.45
8464 億豐 160691 65988588 406.50 417.50 406.50 411.00
8466 美吉吉-KY 15000 869900 58.80 58.80 57.60 58.00
8467 波力-KY      
8473 山林水 201019 8109060 40.75 40.75 40.10 40.30
8478 東哥遊艇 584750 34394422 56.60 59.10 56.60 59.10
8480 泰昇-KY 60 6659    
8481 政伸 57050 4666874 80.60 82.50 80.60 81.80
8482 商億-KY 11000 836000 76.70 76.70 75.80 75.80
8488 吉源-KY 2064 32776 15.85 15.90 15.85 15.90
8499 鼎炫-KY 97045 12923566 134.00 135.00 131.50 133.00
8926 台汽電 339779 13176684 38.95 38.95 38.70 38.75
8940 新天地 550708 6957539 12.00 12.95 12.00 12.70
8996 高力 93895 4198767 45.10 45.15 44.00 44.50
9103 美德醫療-DR 17274847 452092105 25.25 27.30 25.20 25.40
910322 康師傅-DR 31000 823000 26.50 26.65 26.40 26.40
9105 泰金寶-DR 15748551 73868921 4.74 4.81 4.60 4.61
910861 神州-DR 63000 602450 9.58 9.58 9.55 9.55
9110 越南控-DR 211000 626540 3.00 3.00 2.94 2.98
911608 明輝-DR 333000 1414050 4.10 4.40 4.06 4.18
911616 杜康-DR 19000 33749 1.77 1.80 1.77 1.80
911622 泰聚亨-DR 126004 773004 6.16 6.17 6.11 6.11
911868 同方友友-DR 426476 642288 1.49 1.54 1.48 1.50
912000 晨訊科-DR 2328800 6568512 2.81 2.84 2.80 2.82
912398 友佳-DR 208479 926852 4.53 4.58 4.37 4.40
9136 巨騰-DR 39000 332390 8.51 8.57 8.50 8.52
9188 精熙-DR 138800 417075 2.99 3.04 2.99 3.00
9802 鈺齊-KY 1073490 128740749 121.00 124.00 117.50 119.00
9902 台火 1785567 24942880 13.65 14.35 13.55 13.75
9904 寶成 20437606 788820539 38.80 39.45 37.90 38.05
9905 大華 220509 5765295 26.25 26.35 26.00 26.25
9906 欣巴巴 61974 2676229 42.60 43.75 42.55 43.70
9907 統一實 5920898 81606502 13.80 14.10 13.50 13.65
9908 大台北 72679 2452267 33.70 33.80 33.65 33.65
9910 豐泰 1226096 285053106 232.00 235.50 230.50 233.00
9911 櫻花 934395 65384935 69.50 70.50 69.40 70.20
9912 偉聯 38700 366760 9.58 9.78 9.40 9.48
9914 美利達 940134 289535769 312.50 312.50 306.00 308.00
9917 中保科 136310 12595114 92.80 92.80 92.20 92.40
9918 欣天然 21114 838738 39.60 40.10 39.55 40.05
9919 康那香 12258989 455941553 36.65 38.20 36.30 36.30
9921 巨大 602219 191615436 323.50 323.50 316.00 316.00
9924 福興 115575 5172987 44.95 44.95 44.70 44.70
9925 新保 69151 2683332 38.90 38.90 38.75 38.85
9926 新海 9363 449642 47.90 48.20 47.90 47.90
9927 泰銘 802127 26791051 33.75 33.80 33.20 33.35
9928 中視 70020 376189 5.05 5.50 5.05 5.50
9929 秋雨 9000 106650 12.00 12.00 11.75 11.75
9930 中聯資源 91149 4285025 47.30 47.30 46.80 46.80
9931 欣高 25 1037    
9933 中鼎 452212 17124718 37.90 38.00 37.70 37.95
9934 成霖 372780 6353402 17.00 17.10 17.00 17.00
9935 慶豐富 483360 11028453 22.90 22.95 22.55 22.75
9937 全國 11020 526956 47.75 47.85 47.75 47.85
9938 百和 4091438 408654045 100.50 102.50 98.50 98.80
9939 宏全 939206 67087593 71.70 71.90 71.20 71.80
9940 信義 506009 15909412 31.65 31.70 31.30 31.35
9941 裕融 198412 26719269 135.00 135.00 134.50 135.00
9941A 裕融甲特      
9942 茂順 170905 15463790 91.00 91.00 90.00 90.50
9943 好樂迪 140010 8914355 63.70 64.00 63.50 63.70
9944 新麗 651824 14210007 21.70 21.95 21.60 21.80
9945 潤泰新 2034222 106661656 52.70 52.70 52.30 52.50
9946 三發地產 71219 1062028 14.95 15.00 14.85 14.90
9955 佳龍 495317 9640636 19.80 19.85 19.20 19.25
9958 世紀鋼 22245394 2700182798 119.50 126.50 116.00 116.00
